{
  "advancedEditorSelectedIdentifier" : "ProjectBrowser",
  "openSceneRelativePaths" : [
    "Immersive.usda",
    "New_planet.usda"
  ],
  "recentIdentifiers" : {
    "AF09ED6F-1707-48FD-8720-65B998362C09" : [

    ],
    "B265EEEE-5616-458A-A1CE-6A1EFC8A2BD0" : [

    ]
  },
  "sceneCameraHistory" : {
    "AF09ED6F-1707-48FD-8720-65B998362C09" : [
      {
        "date" : 741791938.07066,
        "title" : "Untitled",
        "transform" : [
          0.5242368,
          0.00092586805,
          0.851572,
          0,
          0.36149088,
          0.90518636,
          -0.22352181,
          0,
          -0.77103835,
          0.42501387,
          0.47419736,
          0,
          -2.5236444,
          2.9090161,
          2.9663544,
          1
        ]
      },
      {
        "date" : 741791930.877747,
        "title" : "Untitled",
        "transform" : [
          0.5242368,
          0.00092586805,
          0.851572,
          0,
          0.36149088,
          0.90518636,
          -0.22352181,
          0,
          -0.77103835,
          0.42501387,
          0.47419736,
          0,
          -2.0362945,
          4.730557,
          2.1261666,
          1
        ]
      },
      {
        "date" : 741791924.335998,
        "title" : "Untitled",
        "transform" : [
          0.5242368,
          0.00092586805,
          0.851572,
          0,
          0.36149088,
          0.90518636,
          -0.22352181,
          0,
          -0.77103835,
          0.42501387,
          0.47419736,
          0,
          -1.7368984,
          4.499496,
          2.8200755,
          1
        ]
      },
      {
        "date" : 741791922.34411,
        "title" : "Untitled",
        "transform" : [
          0.4873482,
          0.00092586776,
          0.8732073,
          0,
          0.36446324,
          0.9085139,
          -0.20437492,
          0,
          -0.79351014,
          0.41785368,
          0.44242516,
          0,
          -1.9748039,
          4.4236927,
          2.4837098,
          1
        ]
      },
      {
        "date" : 741791913.46251,
        "title" : "Untitled",
        "transform" : [
          0.30276716,
          0.00092587015,
          0.95306414,
          0,
          0.15486936,
          0.98666096,
          -0.050157037,
          0,
          -0.94039756,
          0.16278629,
          0.29858515,
          0,
          -1.393432,
          1.2335708,
          -1.1736636,
          1
        ]
      },
      {
        "date" : 741791909.935829,
        "title" : "Untitled",
        "transform" : [
          0.98563105,
          0.000925855,
          0.16890967,
          0,
          0.12943621,
          0.638342,
          -0.75879234,
          0,
          -0.108524665,
          0.76975226,
          0.62904984,
          0,
          -0.09736636,
          2.0463388,
          -0.940298,
          1
        ]
      },
      {
        "date" : 741791905.637563,
        "title" : "Untitled",
        "transform" : [
          0.98563105,
          0.000925855,
          0.16890967,
          0,
          0.12943621,
          0.638342,
          -0.75879234,
          0,
          -0.108524665,
          0.76975226,
          0.62904984,
          0,
          0.03278385,
          2.4056768,
          -1.3575566,
          1
        ]
      },
      {
        "date" : 741791900.458821,
        "title" : "Untitled",
        "transform" : [
          0.98563105,
          0.000925855,
          0.16890967,
          0,
          0.12943621,
          0.638342,
          -0.75879234,
          0,
          -0.108524665,
          0.76975226,
          0.62904984,
          0,
          0.24819694,
          1.893851,
          -0.6940851,
          1
        ]
      },
      {
        "date" : 741791898.773009,
        "title" : "Untitled",
        "transform" : [
          0.9929289,
          -0.00017740214,
          0.11871006,
          0,
          0.067541935,
          0.8232052,
          -0.5637121,
          0,
          -0.097622745,
          0.567744,
          0.8173963,
          0,
          0.24819694,
          1.893851,
          -0.6940851,
          1
        ]
      },
      {
        "date" : 741791895.949806,
        "title" : "Untitled",
        "transform" : [
          0.9999999,
          2.7664382e-09,
          -0.0005459234,
          0,
          -0.00023949817,
          0.89863443,
          -0.43869823,
          0,
          0.00049058435,
          0.4386983,
          0.89863425,
          0,
          0.24819694,
          1.893851,
          -0.6940851,
          1
        ]
      }
    ],
    "B265EEEE-5616-458A-A1CE-6A1EFC8A2BD0" : [
      {
        "date" : 741748247.35453,
        "title" : "Untitled",
        "transform" : [
          0.99463695,
          1.6333427e-08,
          -0.10342844,
          0,
          -0.06274407,
          0.79497486,
          -0.60338885,
          0,
          0.08222299,
          0.6066423,
          0.79071134,
          0,
          0.047666326,
          0.47505414,
          0.3787309,
          1
        ]
      },
      {
        "date" : 741743521.214868,
        "title" : "Untitled",
        "transform" : [
          0.99463695,
          1.801325e-08,
          -0.10342843,
          0,
          -0.06274402,
          0.7949748,
          -0.6033889,
          0,
          0.08222292,
          0.6066425,
          0.79071116,
          0,
          0.26705238,
          1.1649817,
          1.1766107,
          1
        ]
      },
      {
        "date" : 741743517.186041,
        "title" : "Untitled",
        "transform" : [
          0.98122895,
          1.701954e-08,
          0.19284682,
          0,
          0.15509085,
          0.5943347,
          -0.7891216,
          0,
          -0.114615604,
          0.80421776,
          0.58317834,
          0,
          -0.034406006,
          1.4695169,
          0.81383485,
          1
        ]
      },
      {
        "date" : 741743509.3982,
        "title" : "Untitled",
        "transform" : [
          0.98122895,
          1.701954e-08,
          0.19284682,
          0,
          0.15509085,
          0.5943347,
          -0.7891216,
          0,
          -0.114615604,
          0.80421776,
          0.58317834,
          0,
          0.3584215,
          1.7256694,
          0.53779936,
          1
        ]
      },
      {
        "date" : 741743505.808707,
        "title" : "Untitled",
        "transform" : [
          0.9276004,
          1.8386205e-08,
          0.37357408,
          0,
          0.2116127,
          0.8240931,
          -0.5254434,
          0,
          -0.3078598,
          0.5664544,
          0.764429,
          0,
          0.0137812495,
          0.41219336,
          0.31796163,
          1
        ]
      },
      {
        "date" : 741743404.053097,
        "title" : "Untitled",
        "transform" : [
          0.9276004,
          1.8386205e-08,
          0.37357408,
          0,
          0.2116127,
          0.8240931,
          -0.5254434,
          0,
          -0.3078598,
          0.5664544,
          0.764429,
          0,
          0.04618658,
          0.4458424,
          0.3060778,
          1
        ]
      },
      {
        "date" : 741743397.987828,
        "title" : "Untitled",
        "transform" : [
          0.9276004,
          1.8386205e-08,
          0.37357408,
          0,
          0.2116127,
          0.8240931,
          -0.5254434,
          0,
          -0.3078598,
          0.5664544,
          0.764429,
          0,
          -0.12347822,
          0.27278304,
          0.3659883,
          1
        ]
      },
      {
        "date" : 741743392.879515,
        "title" : "Untitled",
        "transform" : [
          0.9276004,
          1.8386205e-08,
          0.37357408,
          0,
          0.2116127,
          0.8240931,
          -0.5254434,
          0,
          -0.3078598,
          0.5664544,
          0.764429,
          0,
          -0.050734058,
          0.28514484,
          0.38612476,
          1
        ]
      },
      {
        "date" : 741743386.801689,
        "title" : "Untitled",
        "transform" : [
          0.9276004,
          1.8386205e-08,
          0.37357408,
          0,
          0.2116127,
          0.8240931,
          -0.5254434,
          0,
          -0.3078598,
          0.5664544,
          0.764429,
          0,
          -0.41225052,
          0.23854831,
          0.27505952,
          1
        ]
      },
      {
        "date" : 741743382.242944,
        "title" : "Untitled",
        "transform" : [
          0.7410556,
          -4.321352e-09,
          0.67144376,
          0,
          0.37183017,
          0.83266497,
          -0.4103795,
          0,
          -0.55908775,
          0.553777,
          0.61705106,
          0,
          -0.4296075,
          0.27371877,
          0.24200742,
          1
        ]
      }
    ]
  },
  "selectedSceneRelativePath" : "Immersive.usda"
}